1 8 9296 11176 9096 6151 9174 14 6115 3171
1 13 6106 11159 9118 6094 11092 155 11175 6021 94 9045 9055 11038 3092
1 8 9097 11186 104 4640 11443 11127 11426 3152
1 10 3022 6038 9132 107 9132 115 9066 168 3162 9154
1 17 9151 205 130 9088 182 3113 11067 9220 6161 6024 3104 9226 11208 151 11060 6130 91
1 7 11105 6009 204 9183 165 11056 6186
1 8 11105 9129 11172 9094 169 3117 11126 3122
1 7 3338 3075 180 6105 9099 154 6177
2 7 223 3210 3278 236 398 3390 3335
1 6 9406 11311 242 9410 9300 9362
2 5 9340 265 530 6229 6360
2 13 372 6338 11387 9381 11286 11354 3264 272 3139 6297 305 6217 12244
2 10 9271 298 403 6308 9349 273 7237 6246 7403 12244
1 4 1754 278 11307 7228
3 6 3460 17 3381 279 3324 389
3 6 11542 9429 494 445 3485 9570
3 6 9508 11428 584 506 11467 9457
1 4 3152 567 83 3174
2 5 3569 569 11556 9429 11542
1 8 10253 4254 1247 12235 11591 642 475 10262
2 4 752 11709 760 9898
1 7 11658 9697 768 781 6482 11733 528
2 6 9817 889 845 874 6867 3874
2 8 3981 3904 9899 861 9841 11850 6947 3932
2 5 7183 1178 875 3871 6896
2 9 4140 9843 6969 881 11801 6937 6988 10499 12348
2 13 4140 9843 11822 900 3830 9905 3814 6898 934 3934 9788 6951 987
3 5 921 3964 919 3935 11894
2 6 4076 7164 992 1071 11910 10061
2 6 7180 1046 1160 7081 12051 7065
2 16 11941 4092 1087 12077 7039 11981 7135 4160 1070 4160 7135 4023 1018 10004 7093 1157
2 8 4172 7217 10128 12007 1117 11930 4067 7169
2 6 9975 1144 1061 1190 7020 4003
2 5 1120 1162 1202 1047 4189
2 10 7387 10285 4396 12283 4216 12905 1208 12129 4279 1316
2 9 10756 10296 4365 4321 7340 1228 7428 7465 1622
1 7 4388 1308 1281 12201 1394 1337 4371
1 3 4361 1342 10279
1 7 7564 7535 4530 7592 1570 7649 4658
2 14 10263 1589 10464 12330 1561 12358 1098 4307 4262 1289 10169 7311 10197 10153
1 10 12364 10402 12394 12409 1639 1596 12998 10935 11021 8215
2 9 1492 12404 12449 1650 10344 10283 10154 1330 10267
1 6 10528 7835 10658 4705 1672 7786
1 5 7315 12214 10327 1690 12124
1 5 4860 1736 10602 7845 9616
1 9 10589 1745 6211 12549 4006 1819 13062 5264 13063
1 4 3010 6754 1763 7858
1 8 10701 1878 1805 4881 10598 1772 1807 7754
1 8 10928 12991 5065 12840 1964 1905 8094 10833
2 7 7938 12786 9973 1983 7064 7334 4987
2 4 1976 2006 7911 1933
1 6 7185 5239 2947 7901 13075 2407
1 10 6106 11159 9118 3033 9118 2994 9078 9176 6052 3187
1 6 11109 117 3072 11068 149 3151
2 7 331 3293 3203 11453 9568 3543 525
2 15 372 6338 11356 9373 6253 3224 9325 6327 3303 11277 297 11324 6391 9286 9258
2 9 3335 6252 11284 6365 246 382 3308 11347 6262
2 12 3335 6252 11284 11235 11369 274 3327 9302 3358 344 9256 6245
2 9 3738 11703 11546 3403 3452 458 11438 3494 525
1 6 3668 6689 666 3667 4534 1599
1 3 3668 3682 3672
2 5 11800 6705 3687 6707 11654
2 12 885 903 9872 3920 3918 920 3725 11843 729 11692 6955 758
2 7 6613 780 3768 764 9738 6780 770
1 6 12663 12603 3769 10552 10593 4860
2 5 6613 11593 3770 9748 590
1 8 940 11860 6877 909 3951 11831 856 11867
1 5 3924 3974 984 6611 3601
2 6 7109 7000 4093 12078 1203 4469
2 5 7045 12054 4168 6943 788
1 6 7376 4639 1324 4302 12460 1592
1 6 10278 7436 4420 10808 4315 12275
1 5 4425 8063 1197 4318 12789
1 13 1308 1281 12201 1394 1337 4371 7236 12131 1279 7329 10227 12255 4412
2 16 12189 7266 3963 12136 1343 9733 4404 9733 7249 4841 7868 1742 1755 1820 1322 12446
2 5 2105 11995 4953 4410 7938
2 4 4412 7427 4424 12299
2 7 7661 1536 12434 4473 10454 4825 1896
2 7 12333 8099 10357 4482 7560 4958 4893
1 7 12264 10438 10425 12360 4511 7516 1464
2 4 4516 4544 12452 1444
2 4 11760 11776 4601 1445
2 9 3913 4642 9831 11836 3877 12478 10429 10363 12348
1 8 10682 4836 12377 7533 4453 4658 7649 1570
1 8 1709 4700 12580 10529 12542 12672 1784 12517
2 5 10492 12384 5090 10909 7791
2 6 4925 10132 2045 5193 7397 12797
1 6 9161 9075 6046 6104 3159 11064
1 5 9100 9206 6186 11056 165
2 4 3320 327 6296 6360
2 8 6554 6530 502 3466 6474 6493 9430 9417
2 7 520 11474 3529 6527 9474 6503 6490
1 12 1866 6827 12550 1734 6767 7899 4775 10718 1782 4869 7366 9467
2 7 6914 3858 6993 11870 9933 813 6878
1 6 4116 7132 11923 1013 9964 1145
1 7 4872 4426 9615 6728 7185 5239 2947
1 5 1821 12567 7228 11307 278
1 11 12110 1225 10266 7355 7299 4236 1404 7415 12243 7358 10240
2 5 9958 1004 7508 7459 4009
1 9 1373 12212 12343 10209 1277 7463 12302 10522 4652
2 7 12485 4506 1645 7526 10433 12412 10503
1 12 12386 7585 1546 4509 7542 4509 10369 7529 12371 10423 12400 12428
1 7 7338 12173 10411 7572 7353 7492 1488
1 9 10239 1375 1879 10630 7708 1797 10546 1794 4803
1 4 7768 4715 7738 12517
2 12 12189 4805 12261 4246 7616 4829 7754 1807 1772 10598 4881 1805
2 5 10646 1676 7804 7843 4751
1 6 4682 5016 8112 5042 10802 1961
1 14 1652 8228 5175 11011 12990 12976 2191 12948 5197 5183 10927 8186 5225 7567
1 7 10682 10455 5134 2114 8249 12918 12910
1 9 3187 3030 9061 3068 3185 7 11024 11079 9233
2 7 8007 9084 10066 10772 2002 12868 2086
1 4 9100 9105 9150 3151
1 9 3171 6115 11078 9157 11028 9227 11206 9139 3022
2 8 6050 11163 35 9185 9209 6311 6397 9406
1 10 3022 6118 3096 9216 11100 9127 3180 3188 3114 122
2 13 11523 3578 6450 11308 11335 11393 9258 9286 6391 11324 297 11277 3303
2 9 301 3290 11330 11268 9330 3356 9273 9394 9367
2 7 6233 6344 9288 546 3568 489 525
2 6 11542 9569 9541 543 6723 704
2 7 12333 8099 10414 7924 9605 1573 7639
1 6 6710 6769 9684 695 11637 870
2 6 6878 6901 9840 11838 11697 743
2 6 10102 4071 1154 9971 1029 4082
2 8 940 11860 3876 11907 10041 3927 928 11848
1 6 7376 7319 10177 10134 4251 12264
1 9 7387 7371 1335 4338 7358 10240 7358 12243 7415
2 4 1976 10257 4167 2091
2 7 9450 12368 6737 10339 10393 7539 7458
1 8 12333 10510 10359 12359 7602 10385 10768 4580
2 6 4469 12300 10367 4074 7659 3427
2 9 7137 7650 1597 7095 10404 7168 7128 7210 11941
2 6 4140 1137 10480 1027 1203 4469
1 8 12357 9657 926 1760 10526 3699 1719 1866
1 10 12655 1780 10576 7750 12514 10533 1726 12672 1784 12517
2 5 10671 4629 7682 10601 10148
2 7 4925 1395 12819 2067 10726 4937 7965
1 7 5010 8036 10775 13248 4995 2063 10928
1 10 11109 71 6035 6095 70 11059 11153 6057 3084 6106
1 6 9151 11040 11147 49 3148 156
1 4 3171 11151 171 6310
2 11 223 306 3247 3313 354 11234 207 9254 11392 6324 11202
2 13 301 3290 11330 11268 11379 11248 11314 3275 3339 6362 9360 6299 11375
2 11 11523 3578 6450 11308 11335 11393 11269 3317 286 3276 6302
2 12 6554 6530 11461 486 472 3399 11405 11422 9419 11561 574 11683
2 11 9417 11434 11450 11459 3519 3540 6591 6494 510 3527 413
2 9 525 3543 550 11514 6593 9493 9554 6579 560
2 8 9716 6747 11672 3728 9685 6731 9672 6714
1 14 520 6516 6486 9455 11579 9735 11706 9753 11736 3622 11578 615 464 3618
2 9 921 3807 3862 804 11747 11784 9806 6871 11811
2 8 6845 6869 11785 9804 847 3850 880 11800
2 6 4512 11739 876 11797 9954 11853
2 6 7121 4056 12060 1054 12085 10110
1 11 11954 10123 12094 4151 1204 7082 12025 13078 7206 4060 7079
1 8 4241 1407 1379 12188 1293 4269 1224 4373
1 9 5135 12428 12400 10423 12371 7529 10369 4509 7542
1 5 12333 8099 7618 12465 1614
1 6 1709 7800 4780 12521 4209 1387
1 8 1323 12571 10548 1799 13202 13203 10707 4848
1 6 10674 7850 12601 12526 1703 4682
2 6 4801 12686 4729 12669 10689 4783
1 5 4872 12688 3721 12593 12663
1 9 4690 12563 12691 10639 10712 7886 4793 4789 12536
1 8 72 6075 6034 11103 3160 60 9082 6106
1 3 72 9130 183
1 8 91 11050 3058 11130 11115 3055 124 11164
1 16 91 11050 3058 3082 6107 9191 11169 9128 11104 9064 6092 9116 9140 6117 11183 3134
1 4 99 3155 154 6177
2 9 121 11166 9188 6143 11213 11189 6097 3157 72
2 8 121 11205 231 11039 9144 9046 3323 6245
2 5 121 252 6356 9278 301
2 3 121 3220 3190
1 7 156 6093 6147 9148 113 6129 9154
1 2 177 13009
1 7 177 7123 9377 4450 13084 4155 1440
2 6 187 2999 226 9265 11349 6303
1 3 200 11207 9161
2 7 223 306 3362 6273 6400 287 6303
1 3 296 11253 221
2 5 301 9348 6290 6396 6262
2 7 301 9278 6356 3240 346 3116 3190
2 7 310 6459 3219 6326 6249 9323 11241
2 2 321 9388
2 9 372 6338 11356 9373 6253 3224 9325 6327 11375
2 5 372 11339 11273 11319 6302
1 2 377 407
2 5 384 356 3318 6477 413
2 4 384 261 3292 6262
2 2 389 9263
2 4 389 3380 6402 6332
3 3 402 3521 3559
3 3 402 9544 3392
3 9 402 11274 11329 11357 400 3254 11312 6407 6360
2 4 413 6317 6369 9367
2 5 476 9423 6600 11705 11686
2 2 503 3495
2 4 503 9867 9631 11600
2 7 520 3487 3475 481 3413 6794 6765
2 5 525 504 11490 9481 476
2 8 525 11557 582 9437 11425 463 11462 3520
2 4 541 11679 9690 9660
2 5 541 11679 6561 9537 6573
2 6 560 6280 11341 3759 11216 11370
4 6 564 11431 6535 495 6469 6570
3 7 564 11431 6535 11346 9363 11456 6496
4 3 564 6549 3397
3 4 564 3355 3395 6377
2 3 564 6513 11402
2 3 572 513 3412
2 3 572 6557 6509
2 4 573 514 11481 3535
2 3 573 514 478
2 4 573 469 6440 11542
3 3 589 6488 3397
2 5 589 6594 9557 11529 6540
2 3 589 6568 3530
2 4 590 9593 6618 620
1 3 599 6626 11735
1 2 599 3631
2 3 603 3604 11584
1 2 603 9598
2 4 620 6618 6773 752
2 7 620 3626 651 9629 11631 6533 9507
2 2 620 3598
2 3 648 11794 6613
2 6 648 9625 9609 9607 11576 590
2 4 648 3650 6668 6666
1 2 653 3673
2 6 678 698 6698 9642 3652 11628
2 3 678 6529 9503
2 8 678 698 6698 9658 6531 3533 11732 13011
2 5 678 11640 6712 6542 3530
2 3 678 6683 9620
2 5 678 698 3666 3646 6666
2 4 684 6700 9621 3617
2 5 684 11646 679 646 9606
1 3 687 9635 657
1 3 689 11656 6710
2 4 730 3713 6751 6573
2 5 730 11644 9656 6682 9640
2 9 743 11697 9884 9882 3899 897 872 6836 6812
2 3 743 6756 740
2 5 747 10063 7068 9979 7153
2 4 752 755 11702 929
1 6 758 3761 6764 9719 13218 11707
2 3 770 3772 6788
2 5 770 6780 3782 776 3780
2 8 770 6780 3782 776 6635 636 9618 9620
2 11 770 6780 3782 776 6635 3641 9600 658 661 11623 663
1 5 770 6780 9745 778 9603
1 2 772 3653
2 2 792 1108
2 4 792 11919 1065 7107
2 6 818 11588 6652 11657 3649 9606
2 2 819 955
1 2 849 11905
2 3 859 3878 6882
2 3 859 3878 9847
1 2 863 3973
1 5 863 11786 9916 9805 10203
2 5 864 6935 4583 12320 12450
1 4 868 7999 10573 6897
1 5 868 7684 1756 4668 4865
2 4 870 9653 6713 9450
2 2 870 689
1 4 878 9862 9888 9902
1 2 878 11905
2 6 885 903 6936 9827 9846 3874
2 5 885 9870 3859 11766 6878
2 4 885 11854 13220 11688
2 4 885 11852 3902 932
2 6 901 2013 7513 12442 7184 4111
2 3 901 1938 10106
1 8 901 2013 12316 1631 10815 4974 2057 5027
2 5 911 3928 9909 11891 770
3 3 921 3807 11844
2 4 921 6888 3921 886
2 2 925 967
2 6 925 6926 3885 9750 6875 11833
2 5 929 6775 11720 6792 3598
1 4 931 6954 7098 7183
2 4 932 3735 13233 740
1 3 940 3788 1122
2 7 940 11792 869 9763 10056 11810 11746
2 4 943 6917 6960 9898
2 7 943 3915 12169 11699 3740 9710 743
2 6 943 6931 3898 6865 854 9764
2 4 943 6917 3946 9853
1 8 949 965 793 3796 9610 9612 649 9783
2 4 949 935 907 3882
2 5 957 11879 6944 898 6822
2 4 964 6918 6851 1150
1 4 967 9924 782 6793
2 5 980 970 11805 3861 799
2 4 987 9781 11764 964
1 4 988 10883 12824 12830
2 3 1003 12040 7125
1 5 1019 11927 10047 7012 10029
2 3 1025 7110 1158
2 4 1025 11985 7050 1092
2 3 1034 1575 6932
2 5 1034 7208 5007 7301 1976
2 4 1055 11947 9944 4070
3 4 1067 11960 7072 12031
2 2 1067 4172
2 3 1068 4143 10126
2 6 1068 7188 7030 10028 1151 12071
2 8 1068 10031 7144 11974 12044 10097 1206 12771
2 4 1083 7035 9959 4619
2 5 1083 4203 4158 10434 7540
2 3 1092 11946 4197
2 2 1093 10024
2 6 1093 9903 832 942 9757 6914
2 5 1120 12095 1047 7108 10062
2 9 1120 1162 4207 4165 9938 10093 10010 7071 11986
2 3 1121 1076 4082
1 5 1170 2061 7400 7909 4568
2 2 1179 7917
2 7 1179 8066 8098 10813 7903 10898 8007
2 5 1179 7049 7084 4110 4003
2 2 1179 3456
2 9 1179 8066 8098 10813 4990 7975 1978 4998 12717
2 2 1182 9998
2 6 1182 993 7016 4118 1024 7169
1 4 1189 1149 4194 7209
1 3 1205 976 863
1 3 1205 12001 1106
2 6 1273 12208 7395 1412 8100 8011
2 2 1316 10282
1 4 1323 10273 1393 1408
1 4 1323 1737 4343 7677
1 4 1323 10644 1411 7858
2 2 1367 4925
2 6 1367 12767 7256 531 7911 1933
1 4 1373 12212 12343 10382
1 3 1373 4381 12268
2 4 1386 4434 7642 10135
1 6 1387 4209 1294 1694 7741 1418
1 8 1387 4824 4754 1880 7733 12700 7796 7768
2 4 1413 4390 4608 10479
1 10 1418 1229 12285 12115 12143 10140 12198 12227 4394 10253
1 3 1427 7367 7338
1 4 1427 12122 12220 4388
2 4 1444 12035 12307 7497
2 3 1444 1059 4104
1 2 1445 6696
1 5 1445 4452 7547 6971 7588
1 2 1453 7552
1 5 1453 7599 1559 1503 12458
1 7 1464 12332 1390 1520 4539 1374 1592
1 5 1468 1494 12064 12648 5231
1 3 1488 10371 1990
1 5 1488 7492 7312 4408 12125
1 5 1492 10386 12492 12464 4588
1 3 1492 7562 1170
1 6 1521 7573 7602 10385 10768 4580
2 2 1521 12333
1 4 1592 10453 1577 4363
1 2 1594 4641
2 4 1595 7551 9810 870
2 4 1595 10448 1881 6696
2 4 1599 6671 3658 772
1 4 1607 7603 2061 1170
1 6 1614 1479 12471 7486 4578 10353
1 2 1618 5103
2 6 1622 12490 12420 10401 1510 7497
2 5 1622 12490 4557 4883 10030
2 5 1622 12490 1579 9946 10428
1 9 1652 4630 1540 1511 12323 4645 10971 5125 8152
1 5 1675 12370 4923 1766 2015
1 2 1678 7458
1 3 1678 9892 12586
1 6 1709 10696 12679 1733 1860 7825
1 4 1709 10568 12619 1418
2 8 1725 12614 12544 4777 10669 12695 7843 4751
2 3 1725 1728 10623
1 4 1725 12541 4786 4783
1 3 1747 7745 4749
1 4 1747 7745 4794 4723
1 5 1747 10587 7760 1851 4741
1 4 1752 1870 4790 4872
2 6 1754 7375 4372 390 1365 12244
2 2 1754 12527
1 7 1803 4808 1735 7828 7726 12608 10557
1 6 1803 7876 12523 4782 10544 12655
1 8 1814 4804 12617 7783 1713 7887 1565 4543
1 4 1821 307 12102 1387
1 5 1821 10133 12287 1233 9292
1 3 1827 10588 868
1 8 1827 12642 1809 1738 12624 7762 10798 5103
1 6 1827 12642 12570 4814 12024 7892
1 6 1827 12642 1809 1738 2102 10642
1 3 1833 4696 12547
1 3 1833 7576 1468
1 3 1833 4584 5231
1 2 1866 6752
1 5 1866 4807 11971 12418 7458
1 6 1888 7990 12739 12895 2070 13082
1 4 1891 12817 12874 10919
3 2 1896 4755
2 9 1896 12793 2071 10523 8125 1982 5067 8074 1963
2 6 1896 12861 1822 5014 3916 10106
2 6 1896 12793 2071 9816 12773 5050
2 6 1896 12793 4901 4609 4637 4580
3 5 1896 12793 4553 7969 10837
2 2 1908 4984
2 3 1908 2054 2086
2 4 1908 2054 7905 10807
1 2 1909 2094
1 4 1909 5039 5070 10762
1 3 1909 12802 2012
1 6 1919 12430 12581 2058 12370 1675
1 6 1944 12772 1997 5000 4942 8113
2 5 1944 12772 2052 7993 10747
1 3 1950 12847 6027
1 5 1950 10766 10858 1731 2024
1 3 1950 10951 988
2 6 1959 10854 8081 1985 6638 2022
1 2 1959 8055
1 3 1961 8029 1991
2 4 1963 10873 8009 1888
2 5 1963 2026 12756 2065 5050
2 4 1963 8031 4966 8117
2 4 1963 4983 12818 10837
1 6 1965 12755 4887 8032 2051 12746
2 5 1965 8089 10773 12712 8236
1 3 1965 10832 10730
2 3 1965 7913 10732
1 3 1965 7913 5021
1 3 1984 13241 5097
1 4 1984 13237 13250 12766
1 2 1984 2088
1 4 1990 4175 7603 1607
1 2 1990 4568
1 4 2008 2011 7913 1965
1 3 2008 5052 12746
1 2 2008 10172
1 3 2008 4956 5021
1 2 2014 5033
1 4 2014 4435 12892 4987
1 4 2014 4900 8121 1991
1 5 2016 10851 12744 10877 7996
1 3 2016 10827 8052
2 3 2022 556 1933
2 2 2022 12797
1 6 2022 1630 7511 8127 10724 8055
2 4 2023 12703 1937 8056
1 2 2023 10747
1 3 2023 12872 7936
1 4 2023 4969 10482 7630
1 5 2024 7716 4128 12775 8193
1 4 2024 8016 7219 988
2 3 2025 1932 1891
1 2 2028 5100
2 7 2028 7971 1778 1781 7864 12541 1725
1 7 2028 7971 12820 1838 7732 12656 10674
1 3 2028 8102 4783
2 3 2029 13079 2103
2 5 2029 4976 12768 5081 10791
2 4 2041 1910 8022 12717
2 4 2041 8005 12884 1961
1 4 2041 10821 1970 2015
2 2 2050 12731
2 3 2050 12900 8034
2 3 2050 12900 2025
2 4 2050 12900 1932 1891
1 2 2050 10919
1 4 2056 12707 7950 10836
1 2 2056 1891
1 4 2056 12762 12874 10919
1 3 2056 12707 7954
1 3 2075 1988 13087
2 2 2086 4915
2 7 2086 10794 9951 10021 7374 4386 4987
1 6 2088 12862 4918 1914 10795 2016
1 7 2088 12862 4918 12887 12800 10877 7996
2 2 2089 8085
2 5 2089 12726 78 10774 5050
2 6 2091 5048 10144 7948 10757 12086
1 5 2103 2059 2018 5049 7960
1 5 2103 2059 8118 4932 10791
2 5 2105 10816 1949 2036 10807
2 3 2105 4950 10030
2 3 2105 10872 7177
1 5 2105 12080 11993 7150 4187
1 4 2106 12964 8238 11007
1 3 2106 12922 2209
1 5 2123 2202 12944 8182 8205
1 2 2132 2228
1 3 2152 2173 2106
1 5 2152 12901 5178 5156 4533
1 3 2152 11023 12951
1 3 2152 2194 11007
1 2 2152 2209
1 4 2174 10952 13086 2210
1 5 2174 10987 12979 2160 10924
1 4 2174 2224 11001 8195
1 3 2174 5146 5171
1 3 2174 5131 8217
1 2 2180 5164
1 6 2180 2159 10972 8201 8182 8205
1 3 2189 2183 5181
1 2 2196 8205
1 4 2197 5195 2203 2211
1 5 2197 7839 4819 12632 1814
1 4 2210 13086 5131 8217
1 2 2489 13033
1 6 3121 6181 178 11031 11117 3134
1 3 3122 11065 3172
1 6 3141 11114 6028 69 11070 6310
1 4 3171 6115 11078 6160
1 6 3172 9156 11132 132 9106 9233
1 7 3172 66 195 11121 158 11081 11164
1 4 3260 3325 3277 6364
2 2 3288 6314
2 3 3314 391 3211
1 5 3338 312 11171 3065 183
1 5 3338 312 3168 9248 3092
2 4 3379 3329 276 385
3 4 3392 11528 6415 560
3 4 3392 11247 347 13206
3 3 3392 6546 3412
2 7 3397 11445 13116 482 9497 9441 3535
2 5 3397 11445 9524 6513 11402
2 3 3427 4960 1959
2 9 3427 10451 7631 10424 7048 4612 11752 1608 12348
2 7 3427 7659 1458 7208 5007 7301 1976
2 5 3460 9532 9439 493 9508
2 7 3460 6558 3532 444 3473 9496 11505
2 5 3495 3509 553 9578 11563
2 3 3495 3509 3534
1 3 3513 4328 528
1 3 3513 12211 10183
1 5 3513 12183 7865 12553 9616
2 4 3520 11526 3580 457
2 8 3520 522 6565 9566 238 343 3364 3335
2 6 3530 6542 6712 11640 9638 9620
2 5 3530 6542 6712 11640 663
2 3 3530 9517 11499
2 4 3535 6582 6487 9456
2 7 3535 9441 11404 9416 11544 11529 6540
2 6 3535 9441 9497 6524 3561 11402
4 3 3544 524 402
3 3 3544 9400 3482
3 7 3544 6567 9290 6347 3351 3380 389
3 6 3544 6567 9290 6375 11245 6332
3 3 3559 3458 6416
3 5 3559 11399 6580 536 11479
3 4 3559 6484 11466 3392
3 5 3559 6484 9452 11441 3412
2 5 3569 557 3718 6739 11666
2 3 3598 11582 6657
1 3 3601 13252 11735
1 4 3617 3614 11586 11583
1 2 3617 11577
1 4 3617 6643 646 9606
1 8 3672 11632 712 728 745 3746 9739 6765
1 5 3673 11612 6673 11595 599
1 3 3673 11612 3631
1 2 3732 3712
2 8 3734 6768 9709 9726 11696 11678 731 6718
2 3 3734 3760 11668
2 4 3734 3752 765 11559
2 2 3738 11670
2 4 3738 11703 11546 11683
2 4 3743 9704 11676 6714
2 5 3743 9548 6761 744 9716
2 4 3775 3763 749 11654
1 7 3775 3763 11695 722 9711 9724 6710
2 7 3778 6630 3605 11567 9580 6797 3775
2 7 3778 3635 3661 9634 6676 6510 9467
1 3 3778 4270 4345
2 2 3780 6790
2 7 3780 607 9600 658 661 11623 663
2 5 3780 969 11568 11587 6675
2 4 3780 773 3776 603
1 5 3780 969 11568 6631 9598
2 6 3790 9765 12070 9815 4080 7183
2 3 3790 3866 980
2 3 3823 11738 788
2 9 3823 11841 10412 10439 7558 9779 12637 9727 1445
2 8 3823 11841 10412 10439 7558 9779 913 7791
1 4 3823 10343 7646 7588
1 5 3823 873 951 6929 6984
1 3 3823 873 3957
1 3 3834 7747 6897
1 5 3834 7920 5071 13214 7935
1 3 3834 8012 10765
1 4 3834 10783 13215 1892
1 2 3838 11804
1 3 3844 10163 11818
2 4 3846 6933 3866 3790
2 5 3874 794 3845 11820 3986
2 7 3874 794 11756 9917 6866 9925 931
2 5 3882 907 6886 3526 11818
2 8 3882 907 6886 6857 9818 11813 893 878
2 4 3890 7620 11759 4512
2 3 3890 3921 886
2 5 3913 916 11808 11771 987
2 3 3923 6831 9838
2 3 3923 9826 819
1 5 3924 11816 6889 9821 9809
2 2 3932 3913
2 5 3932 7663 11864 7591 10503
2 4 3932 6905 11781 6963
1 4 3956 797 11741 11899
1 4 3956 982 11858 9809
2 5 3960 9829 5001 7485 12458
1 4 3960 2082 8025 5103
2 3 3962 9859 6994
1 2 3973 3844
2 5 3981 3852 6922 959 6822
2 5 3981 6928 848 9981 7125
2 4 3986 6948 3930 931
1 4 3988 1109 976 1205
1 3 3988 7096 4178
1 4 3988 4109 7127 3401
2 2 4003 3456
2 7 4009 10474 7019 12408 5092 7301 1976
2 4 4046 7166 11939 1145
2 4 4052 10065 11915 1003
2 7 4052 9790 912 9918 9795 11828 6963
2 7 4052 9790 912 11835 6981 9854 964
1 3 4075 12048 1073
1 3 4075 4119 1157
2 6 4075 1185 11936 10016 4397 12297
1 5 4075 10103 4529 12433 4568
2 5 4076 7164 3996 4055 1068
2 5 4076 7091 11964 10005 12049
2 2 4111 792
2 4 4111 1074 1065 7107
1 7 4111 7184 4440 8101 10901 7970 5027
2 3 4111 1074 7170
2 4 4134 4628 4085 1884
2 3 4140 11761 10068
2 5 4141 6999 7240 8026 1367
2 6 4141 6999 7240 8026 12274 2091
2 5 4141 9939 1474 7577 7521
2 5 4141 10304 10822 10006 7279
1 6 4147 10033 7163 12335 10486 4588
2 4 4172 10125 12097 7087
1 3 4178 11965 1173
1 4 4180 7195 10048 12021
1 6 4206 4088 4161 11979 1155 12049
2 4 4273 7654 12472 10479
2 9 4291 7250 12295 10210 12182 10270 7119 4072 7177
2 5 4291 7250 12295 10210 7232
2 2 4291 1273
2 7 4291 12105 4278 7395 1412 8100 8011
1 5 4329 4289 7409 12931 5135
1 3 4345 4417 10230
1 4 4345 9601 7291 12149
1 4 4363 1400 7380 4334
1 7 4388 4275 12292 1385 1315 7295 12125
1 3 4425 1082 4588
1 3 4445 3715 3712
2 6 4449 4540 10586 4402 10727 6696
2 5 4449 4540 7615 1987 12501
2 4 4469 4174 1531 1034
2 5 4512 12416 1578 10882 901
2 5 4512 12387 7530 10811 10106
2 4 4512 11739 10399 11853
2 4 4516 1569 2005 7938
2 4 4516 1541 4459 4987
1 6 4521 4816 7879 850 12765 6897
1 5 4521 4816 10591 10651 4865
1 6 4533 5156 8239 4587 8224 12951
1 4 4533 5156 12466 11007
1 3 4565 1615 7668
1 5 4565 10410 10355 4444 12489
1 6 4565 8110 11717 10753 10824 12501
2 2 4569 4449
2 4 4569 1621 1441 10370
2 5 4569 12346 7586 10477 12489
2 2 4570 10999
2 2 4580 10837
1 5 4588 1082 10920 12363 1170
1 3 4598 10484 7660
1 2 4607 4521
1 7 4607 4736 12134 10305 4347 10151 528
1 5 4607 4736 1862 12607 9616
2 4 4616 9993 7634 10514
2 6 4616 7662 7565 1656 5310 4987
2 5 4619 9959 4158 10434 7540
2 5 4619 4631 9999 7097 13143
2 4 4619 7167 9934 4009
1 4 4652 1648 10509 7658
1 4 4682 5016 7790 2015
1 12 4690 10649 1816 7822 4800 10531 10713 7693 12590 12737 10691 10674
2 2 4690 10646
1 9 4690 10649 1816 7822 12528 1779 7680 12594 4867
1 3 4723 7780 1827
1 6 4723 4794 4610 7760 1851 4741
1 9 4723 4794 10711 1815 12651 10672 10602 7845 9616
1 3 4726 7817 10589
1 3 4726 4798 10701
1 5 4728 12522 1839 1823 10540
1 5 4739 9669 6726 515 3010
1 8 4739 736 12682 3800 4695 7901 13075 2407
1 2 4749 4723
1 4 4749 4760 7780 1827
2 7 4751 12509 4781 1702 1816 10649 4690
1 5 4751 4823 12737 10691 10674
2 7 4755 7604 1463 12476 7530 12387 4512
3 3 4755 7604 864
2 3 4755 6997 12450
1 5 4797 12540 4815 7769 1803
1 8 4797 12540 10661 1810 7703 12625 7731 10646
2 5 4801 7752 7749 10575 10647
2 2 4801 12605
1 5 4803 1794 11410 12594 4867
1 3 4848 7869 3606
1 2 4860 4741
1 7 4860 11712 1857 1854 7820 12578 7677
1 7 4860 11712 1857 7718 10684 515 3010
4 4 4893 10476 7448 7584
4 2 4893 8053
2 3 4893 2000 5029
2 2 4915 10807
2 5 4915 5086 12137 5055 7938
2 6 4925 1395 12705 11972 10763 10616
2 10 4925 10132 1257 10787 10817 8104 10856 8059 5080 5033
2 7 4925 10132 1257 10787 10817 1882 4964
1 2 4948 5034
1 4 4948 12710 8015 2012
2 6 4964 12899 8037 10755 2093 1991
1 2 4968 5027
1 5 4968 10923 10850 1955 12702
1 4 4980 5008 5214 5083
1 3 4982 5214 5083
1 5 4982 12716 1981 10823 10912
2 5 4984 12718 12792 10898 8007
2 5 4984 10847 1980 4110 4003
1 4 4987 12892 12807 1991
1 3 4989 7972 4948
2 4 4989 12834 2100 2012
1 2 4997 5028
1 2 4997 7963
2 4 5010 13239 7980 8124
1 7 5027 7970 12455 4603 4562 4591 4017
1 6 5028 4938 8021 1992 12900 2050
1 3 5028 8109 7963
1 5 5028 8109 4889 7978 10831
1 3 5028 4938 2025
1 5 5028 8109 4889 7978 6039
2 2 5029 1521
2 2 5029 1888
2 7 5029 1957 5073 12748 12704 12818 10837
2 4 5032 4278 12105 4291
2 3 5032 8100 8011
2 3 5033 5080 4964
1 5 5034 7992 10875 5012 8038
1 3 5036 8244 5139
1 2 5036 6039
1 5 5036 2080 3109 2192 8193
1 5 5036 2080 5054 11012 12830
1 2 5046 7203
1 3 5046 8111 8038
2 3 5074 12821 2029
2 5 5074 1973 10840 1920 8073
1 3 5083 12919 8254
1 3 5083 10792 5026
2 3 5097 13239 5010
2 4 5100 12327 12732 2022
2 3 5100 2053 10750
1 4 5103 7904 4740 7892
1 6 5103 10798 7762 12624 2102 10642
1 2 5107 2132
1 5 5107 8179 7561 10989 2227
1 3 5117 12925 10968
1 6 5117 12945 12896 4128 7716 2024
1 2 5121 12954
1 2 5128 10993
1 2 5135 7614
1 4 5139 8207 12975 2115
1 2 5164 2123
1 3 5166 2182 2210
1 4 5166 8191 10960 8254
1 3 5166 8160 5216
1 4 5168 10939 10998 8143
1 2 5168 2227
1 3 5171 12994 8217
1 3 5173 5201 5215
1 5 5196 2206 10932 4171 9962
1 3 5196 10860 5160
1 3 5220 12933 2228
1 4 5220 2150 12947 5204
1 4 5220 2150 12947 5151
3 5 5291 11516 11642 698 678
2 6 5291 9559 11502 3629 549 9503
2 3 5291 3546 13011
1 3 6027 2034 7996
1 6 6027 2034 12719 3165 11108 12830
1 4 6039 9137 11012 12830
2 5 6050 11163 6127 9193 156
2 7 6050 11163 35 9185 6084 11044 3141
2 3 6050 161 11082
1 3 6103 507 6489
1 3 6103 11221 296
1 14 6106 11159 9118 6094 11092 155 11175 6021 170 11045 86 3008 9162 3121
1 5 6160 179 9138 11114 3141
1 10 6160 3136 133 10 9068 202 3191 113 6129 9154
2 6 6233 9289 342 6292 3350 331
2 8 6233 9371 9396 11383 371 398 3390 3335
1 2 6235 6364
2 5 6245 6022 3176 3101 187
2 5 6245 3215 9343 11349 6303
1 2 6258 408
2 3 6287 6393 3260
1 2 6318 6384
2 3 6332 11265 3288
2 2 6336 3314
2 3 6354 11271 6233
2 3 6354 11220 11241
2 2 6354 223
2 4 6360 3337 9731 6314
2 6 6377 3395 3234 309 336 11360
2 3 6377 526 11402
2 4 6377 6263 6325 9347
1 6 6384 3205 9364 311 253 377
2 2 6389 11331
2 5 6389 317 11251 3325 3260
2 5 6389 317 11251 3277 6364
2 3 6389 6257 9347
2 5 6390 6282 349 3340 9388
3 2 6416 3482
2 2 6446 11483
1 3 6489 6351 9484
3 5 6496 11456 9363 6286 6336
2 7 6496 11456 9363 11346 11233 11264 11360
2 4 6496 3262 9498 3211
2 3 6509 3457 476
2 7 6509 462 3430 414 6600 11705 11686
2 4 6521 375 11219 9294
2 8 6521 375 11219 9238 9264 6298 6325 9347
4 4 6522 11507 9521 3559
4 4 6522 9494 9468 11479
3 5 6522 466 6604 6586 6573
2 8 6540 11529 11544 9416 586 424 9555 6592
2 6 6540 11529 9557 6581 6568 3530
2 2 6540 11499
2 6 6554 6530 502 3466 6776 6420
2 5 6554 418 11397 501 3520
2 6 6554 3409 6517 9518 6603 457
3 3 6570 587 9522
3 6 6570 6469 3512 9363 11456 6496
3 5 6570 529 9486 6488 589
2 9 6573 6586 11691 3548 746 713 3696 6697 9640
3 5 6583 11407 6537 11519 13068
3 6 6583 11407 6537 11562 6500 6496
3 3 6583 9418 5291
2 6 6583 9559 11502 3629 549 9503
3 5 6583 11407 9444 9472 13011
3 6 6583 11407 9444 13081 11606 11483
3 6 6583 11407 9444 13081 3447 3402
2 6 6613 780 762 9728 11877 9898
2 6 6613 780 762 11713 958 11834
2 5 6613 9590 6639 11573 9603
2 4 6613 9590 6639 6666
2 2 6657 11600
1 4 6675 11598 3604 11584
1 3 6675 6631 9598
2 6 6685 11610 9643 9608 619 3617
2 4 6685 3670 9611 11581
2 5 6685 3670 6672 9646 653
1 7 6685 3670 6672 665 596 9596 3631
1 5 6685 11610 3627 6647 11577
1 4 6696 6974 12670 12501
2 3 6703 682 6685
2 5 6703 9676 6720 3700 11666
1 2 6704 3686
1 2 6711 6714
2 8 6714 11676 9704 6571 3548 11691 6586 6573
2 4 6714 3694 676 11639
1 7 6714 9672 9670 9668 690 11619 3663
2 5 6714 3709 3696 6697 9640
1 4 6718 6733 9647 3672
2 6 6718 731 9707 11694 9722 6765
2 5 6718 685 6674 654 772
2 2 6727 11670
1 3 6727 3701 687
1 3 6732 3906 905
1 5 6732 715 718 3806 9693
1 5 6732 3710 908 9850 9847
1 5 6732 715 718 9675 4445
1 3 6732 3906 11830
1 2 6732 3712
1 4 6752 10719 4880 12620
1 4 6752 10618 3719 1752
1 6 6752 10618 12597 11667 1873 4872
2 3 6788 3773 6790
1 4 6790 3976 6973 6946
2 5 6790 9752 11734 9582 11584
2 5 6812 6836 13225 790 3954
2 3 6845 3824 6984
1 6 6850 801 9923 6823 6929 6984
2 4 6864 9887 6912 11867
1 2 6864 8435
2 6 6876 4518 9911 9855 9814 11757
1 3 6876 1432 4521
2 3 6878 3816 3954
2 3 6878 9857 932
2 5 6896 950 4095 1176 747
1 5 6897 7821 1740 10662 4865
1 3 6897 1972 3883
2 4 6914 3938 896 3986
2 5 6914 13224 13229 9778 6896
2 4 6932 12713 7301 1976
2 2 6938 3967
2 6 6938 979 11883 11866 904 11811
1 3 6946 1616 6985
2 4 6963 906 852 3981
1 2 6984 3957
1 3 6985 6606 6793
2 4 7045 12054 1132 1019
2 6 7045 12445 10096 10495 7643 7791
2 5 7054 1066 9944 11947 1055
2 5 7054 4185 1153 7035 1083
2 3 7054 1066 4070
1 3 7063 4200 7076
1 12 7063 1127 1198 4057 12088 10117 10046 4047 1041 1118 9980 7209
2 2 7065 4046
1 10 7076 4057 12088 10117 10046 4047 1041 1118 9980 7209
2 4 7085 7025 9956 4181
2 4 7085 7025 12055 1121
2 3 7087 7157 9998
1 2 7107 4206
1 2 7107 7170
2 4 7109 10022 11996 11944
2 6 7125 10036 7021 12011 11912 7121
2 4 7126 10079 9995 7085
2 8 7126 9937 4079 12036 7094 10008 1146 11913
2 5 7126 9937 4079 12036 7222
2 2 7126 7540
2 3 7137 7650 4134
2 7 7137 7650 1597 7168 7128 12378 11918
2 4 7137 1469 12065 1073
2 3 7153 10094 7183
2 4 7169 12056 3848 6994
1 4 7170 7151 10089 4017
1 3 7177 4072 4187
2 3 7180 7162 11921
1 2 7183 1048
2 5 7197 7046 10092 10020 1025
1 8 7203 4022 1989 8046 1207 12042 7100 10070
1 4 7203 1102 11943 7069
1 9 7203 4022 1989 7908 4933 7958 7116 3991 4116
2 4 7214 11959 12027 1175
2 3 7222 10017 1083
2 7 7239 9297 6270 9268 9322 3353 9250
1 4 7239 6221 11471 6489
1 3 7239 3369 9484
1 4 7239 9297 11345 6318
1 3 7239 3241 377
1 3 7260 7344 10201
1 2 7302 4286
1 2 7315 7386
1 4 7315 10157 4428 1408
1 3 7338 4566 12125
1 4 7361 7644 7304 1424
1 2 7376 7432
1 5 7376 12288 1396 4401 12232
1 9 7376 4639 12475 7645 1620 4596 1400 7380 4334
1 3 7386 10271 10183
1 4 7387 7371 12171 10212
2 8 7446 10346 1383 10776 10413 7400 2061 1170
2 5 7446 10346 1383 10776 4568
1 6 7458 7306 9910 1560 12456 12357
2 7 7458 1586 10516 10391 10717 1564 10370
1 2 7462 3732
1 7 7462 12459 1338 1619 4342 4285 1424
1 2 7480 7668
1 5 7480 10520 10352 10380 10407
2 4 7497 12480 10332 7938
2 5 7521 7577 10335 7665 7279
1 4 7552 7524 4464 7668
3 3 7584 10852 10737
2 4 7584 12239 12722 10671
3 3 7584 12248 12314
1 3 7638 10347 12336
1 5 7638 4604 4575 1585 11007
2 7 7639 1573 12161 10470 4499 1576 1614
2 4 7653 3992 4038 7054
2 3 7653 10501 10057
2 4 7653 10114 1036 4619
1 3 7660 7632 4641
1 6 7661 7495 4458 7624 4463 3668
1 8 7661 1536 4614 4477 1610 11674 4605 12309
2 5 7671 12473 12029 1088 10087
2 4 7671 9823 9912 3890
2 4 7671 3942 2013 901
2 4 7671 12473 806 11746
1 4 7677 12578 1832 12124
1 9 7712 10723 11119 6040 13076 4669 1684 1664 7768
2 5 7763 12657 10678 7851 12660
2 3 7763 7832 12618
2 5 7786 12665 10708 10578 10647
1 2 7798 1759
1 6 7798 7811 4791 12932 12924 12910
1 5 7825 1790 7861 7655 10617
2 3 7844 1748 4726
1 4 7858 4678 7891 3606
1 2 7858 2407
1 2 7892 1352
1 4 7912 12856 13242 5097
2 3 7912 12856 5010
1 6 7912 13246 8062 11014 8164 10928
1 7 7912 13244 12800 12887 4918 12862 2088
1 8 7912 13246 13247 8133 12927 10761 6020 5196
1 5 7912 13244 10859 2096 7996
1 4 7912 8019 11145 5160
2 3 7917 12774 13082
1 2 7921 10895
1 4 7921 10853 7973 12835
1 5 7921 4946 10871 10916 10830
1 5 7934 10748 8004 12813 7995
1 3 7934 12758 5027
1 3 7935 8033 4908
1 3 7936 10846 12798
1 3 7936 2079 5026
1 9 7940 10834 12890 1698 4947 12524 7732 12656 10674
1 8 7940 10834 12890 2074 12864 10885 8086 4682
2 5 7953 1922 12756 2026 1963
2 2 7953 2089
2 3 7953 10774 5050
1 3 7953 5089 10797
1 3 7959 5039 1909
1 2 7959 2094
1 5 7960 2048 8108 4932 10791
1 3 7963 2081 4897
1 4 7963 11194 9137 6039
1 6 7963 9152 3181 7919 1960 8052
1 4 7963 1993 8078 12830
2 2 7965 12789
1 2 7968 10912
1 3 7982 2039 13082
1 2 7989 12725
1 6 7989 2003 5017 12723 13250 12766
1 3 7989 2046 2088
1 4 7989 12796 4961 2016
1 4 7989 10745 10844 12771
1 3 7995 5024 10791
1 4 7996 10908 4033 8052
1 4 7996 2096 11145 5160
1 7 7996 1953 10764 12719 3165 11108 12830
1 2 8006 7959
1 2 8006 10762
2 4 8007 10139 8106 10173
2 6 8007 10898 1971 7084 4110 4003
1 4 8011 12146 4344 10190
1 5 8047 8252 5120 2156 8199
3 6 8053 2078 4949 8013 5043 7917
2 6 8053 2017 1948 12895 2070 13082
1 4 8055 7803 10899 4783
2 2 8056 1944
1 3 8058 5077 5034
1 2 8058 2012
1 5 8073 1923 12883 2033 7934
1 8 8073 1923 12883 2033 8092 2095 1033 12101
1 3 8085 1955 12702
2 3 8087 5104 10259
1 2 8113 7968
1 5 8113 4942 5000 7993 10747
1 4 8113 4942 4892 5026
1 2 8117 10797
1 2 8122 10803
1 2 8122 10762
1 6 8143 1524 10345 2164 8179 5107
1 6 8143 1524 10345 8227 5153 2228
2 3 8148 7589 4570
2 3 8148 7476 12923
2 5 8148 2185 12479 10360 10513
1 6 8152 2201 10958 10937 12311 1454
1 4 8157 8225 10940 5166
1 3 8157 10952 2174
1 4 8157 13195 13086 2210
1 3 8157 8240 10924
1 7 8157 8240 10996 8211 12917 10960 8254
1 6 8157 8240 10996 10982 2142 2111
2 2 8183 2196
1 3 8183 5210 5196
1 6 8183 5224 2206 10932 4171 9962
1 3 8193 12975 2115
1 3 8193 10071 988
1 5 8193 3109 6008 11012 12830
1 5 8195 11001 10965 10986 2106
1 2 8195 5171
1 5 8195 11001 10965 12943 2209
2 5 8197 10419 12903 12909 4570
2 5 8197 10419 11002 8196 10999
1 3 8199 5162 8149
1 5 8205 12911 10932 4171 9962
1 5 8205 12967 10988 1846 10594
1 5 8214 12963 1580 7872 5199
1 4 8215 10992 650 8222
1 4 8215 10992 8229 12984
1 6 8215 10964 2158 11022 12978 8216
1 2 8216 8195
1 5 8216 5143 2208 10986 2106
1 2 8222 12984
1 8 8222 5191 2179 10964 2158 11022 12978 8216
1 6 8222 5191 8194 5228 5192 8195
1 6 8222 5191 8194 5228 11000 5171
1 3 8236 12712 10730
2 4 8236 10889 12810 10732
1 3 8236 12753 1900
1 4 8245 10566 5106 10400
1 3 8245 8178 1468
1 4 8245 5177 7842 10929
1 2 8248 12981
1 3 8248 8219 10968
1 5 8254 12965 5232 8175 2111
1 2 8254 5216
1 4 8254 8185 8213 8149
1 3 9097 6174 3151
1 6 9097 11186 3120 9120 9408 11202
1 5 9100 11162 3050 6150 3187
1 6 9126 3132 3034 192 3145 91
1 12 9151 205 130 9088 182 3113 11067 9220 9143 6083 9108 6165
1 4 9151 9035 3108 9154
1 4 9213 7330 108 99
1 12 9213 9124 6110 11192 3186 196 23 9200 3135 6077 97 3190
1 5 9213 6193 6088 9101 183
1 7 9233 3115 3153 6045 9158 11181 3121
2 3 9250 9269 9332
1 4 9250 3353 9322 296
2 7 9263 11343 11372 9361 9334 6309 6390
2 5 9271 11377 11225 9299 6302
2 7 9271 11256 3385 1350 12242 12270 12298
1 10 9292 10213 12229 7429 10168 10140 12198 12227 4394 10253
1 3 9294 11276 321
1 4 9294 6298 6325 9347
1 7 9296 3049 137 3192 65 6145 122
1 3 9303 9255 11371
2 3 9303 3396 6313
2 3 9332 11270 351
2 3 9332 9379 6318
2 4 9340 10323 7482 310
2 5 9340 6222 3525 6322 3296
2 5 9340 9240 9317 11291 3174
1 4 9347 6325 6349 374
1 3 9362 6345 6287
1 6 9392 9383 6300 3150 11136 200
2 4 9392 11378 11299 351
1 7 9392 9314 219 9285 6399 6335 6384
2 3 9405 9284 6313
1 6 9406 9329 6406 6331 383 6310
1 4 9417 11403 3464 6490
1 2 9417 11559
2 5 9434 9578 3549 9523 11506
2 3 9434 9578 3534
2 4 9450 12368 7611 12497
1 2 9450 12357
2 3 9456 3499 6521
2 4 9456 3522 9375 11402
2 7 9456 3522 9238 9264 6298 6325 9347
4 5 9457 6464 13205 9412 11398
4 6 9457 6464 13205 9427 11430 6416
3 4 9457 3414 6562 3569
1 11 9467 7366 4869 1782 10718 4775 7899 1769 4875 4426 4872
1 4 9484 3369 6378 377
2 3 9503 6542 3530
2 3 9507 6547 3534
2 8 9507 6533 11631 9629 651 11869 625 3598
2 2 9508 3482
2 6 9508 548 3230 3295 3324 389
2 5 9515 3541 11497 7857 6592
2 6 9515 9681 3703 9665 11651 704
3 3 9522 3488 6583
3 4 9522 11562 6500 6496
4 3 9570 6512 9457
4 3 9570 3510 3460
4 6 9570 552 6595 11517 3514 573
3 6 9570 552 6595 3572 11415 478
1 4 9588 6619 3596 11581
1 4 9588 9591 11574 11577
1 2 9603 6666
1 3 9616 4778 12124
1 4 9616 10556 9695 10582
2 3 9617 3636 818
2 2 9617 3663
1 4 9617 11603 6677 657
1 3 9620 11604 663
1 4 9620 11590 3612 9603
1 3 9620 11590 6666
2 5 9633 6678 6680 11623 663
1 5 9633 11618 11615 9630 6675
2 6 9633 11618 671 3657 628 11584
2 9 9633 11618 11634 3675 688 3684 9665 11651 704
2 6 9633 6678 6680 9655 3690 11499
2 6 9633 11618 671 6673 11612 3673
2 3 9640 11608 9606
2 2 9660 684
2 5 9660 716 6716 699 730
2 2 9660 6703
2 2 9692 541
2 4 9692 9539 11511 3569
2 4 9692 3716 9676 6703
2 3 9692 6739 11666
2 6 9693 11722 10381 11662 7345 4345
2 4 9693 3806 11665 4445
2 3 9716 6747 11655
2 4 9737 6762 9710 743
2 3 9737 9717 929
2 4 9737 11565 9597 6657
1 2 9764 6812
1 4 9764 854 9824 9853
1 4 9772 11824 11874 902
1 3 9772 6891 3838
2 5 9783 649 9612 6658 9617
1 3 9783 9919 9902
1 3 9783 11597 657
2 2 9784 11837
2 6 9784 6843 883 6939 3966 3923
2 5 9784 6843 883 11803 955
1 3 9786 9758 6984
2 8 9817 889 9787 6996 3969 9877 6902 931
2 8 9817 889 9787 6996 11885 844 6986 3846
2 3 9817 6924 799
2 5 9817 11673 6734 9689 11710
2 4 9833 6895 3879 849
2 3 9833 11829 11811
1 3 9833 922 9902
2 2 9838 925
1 3 9847 6909 11830
3 3 9875 9914 13255
2 7 9875 3448 13234 841 3980 966 3844
3 5 9890 6940 9849 11762 9875
2 4 9890 6940 3939 3956
2 6 9890 9906 11887 11868 965 949
2 3 9890 9874 3882
2 4 9890 6940 6913 9809
1 3 9894 11816 3924
1 4 9894 11845 9821 9809
2 5 9896 6906 6856 11884 1093
2 5 9896 6817 3873 6966 6812
2 4 9896 13222 3909 3954
2 5 9898 11711 6770 769 590
2 4 9898 11877 11849 11834
2 3 9907 910 11833
2 2 9907 6946
2 3 9907 11889 6985
1 3 9930 11774 11905
2 3 9932 9886 11853
2 4 9932 3714 11753 3653
2 4 9958 1004 1603 6932
2 3 9958 10364 7540
2 7 9958 4114 7129 12069 10043 12015 4181
2 7 9958 4114 11933 1169 7092 4032 7109
1 3 9962 3854 12989
1 4 9962 1181 12847 1950
1 6 9962 4171 10932 11017 10860 5160
2 3 9965 12028 7197
2 4 9965 4094 7212 4197
2 4 9975 1103 12886 4984
2 5 9975 7165 8076 12080 2105
2 3 9975 7207 4090
2 4 9975 11952 7150 4187
2 3 9990 4159 1156
2 3 9991 997 10090
2 3 9991 1142 12090
2 3 10013 1194 10070
2 5 10024 10109 4065 12038 747
1 2 10029 7202
2 5 10030 12781 5019 11950 8087
2 3 10030 7430 7177
2 6 10057 4156 1448 12350 7159 11918
2 5 10057 4183 9942 11945 1120
2 3 10057 4156 13143
2 3 10068 4137 11944
2 2 10070 7069
2 3 10074 3857 1156
2 3 10077 1609 4616
2 3 10077 4245 1159
2 3 10077 4204 1444
2 4 10077 4204 7220 4104
2 3 10087 4550 4111
2 2 10087 1108
2 4 10090 997 7122 4147
2 4 10102 12045 7055 4181
2 3 10102 12093 11944
2 7 10106 3916 6826 4943 9816 12773 5050
2 2 10110 11948
2 6 10110 4126 7175 7204 7221 7125
1 5 10113 12087 4199 7215 12100
1 2 10113 10013
1 2 10126 4073
2 3 10135 12293 1413
2 4 10148 10366 4636 10353
1 11 10148 10366 4636 7597 7556 12487 1382 4389 4250 7407 4333
1 3 10172 12804 7921
1 5 10172 12804 10738 7973 12835
2 4 10173 4979 10905 2041
2 2 10173 12717
1 3 10190 7391 12275
1 3 10230 12202 7462
1 3 10230 7629 4445
1 4 10230 10481 733 3712
1 4 10239 10211 7298 1418
1 10 10239 4281 7326 7383 4277 10220 10275 10452 12329 10353
1 3 10239 4232 4333
1 6 10253 7370 12254 7322 6615 3618
2 7 10255 10001 11978 12462 10116 10060 10428
2 4 10259 10799 12105 4291
1 5 10262 12474 7541 10395 1614
2 8 10267 1330 10154 10283 12284 3651 1014 4147
2 8 10267 1330 10154 10283 12284 3651 1014 12090
2 6 10267 1330 12127 4293 1253 1488
2 7 10267 1330 12127 1417 12256 4654 1607
1 6 10267 1330 12127 4336 1403 12125
1 2 10278 10149
2 5 10278 12180 7310 12779 10756
1 5 10278 7436 4420 10808 8011
2 4 10279 7381 12249 1386
1 6 10282 12955 8221 12280 10138 12110
2 5 10309 4379 1302 7280 12297
1 4 10309 7426 1563 1592
1 4 10309 7229 1248 4363
1 5 10309 10137 4255 1300 4334
1 6 10337 7628 12486 1528 1643 1453
1 8 10337 12410 4884 2042 6785 12369 10769 12835
1 2 10362 12336
2 7 10370 1564 10717 10391 10333 10676 12586
2 4 10370 1534 2043 1618
2 4 10370 1564 7834 1352
1 4 10400 2171 1494 1468
1 3 10400 12648 5231
1 6 10400 5217 1688 2151 7842 10929
1 3 10400 2213 8214
1 2 10405 4533
1 4 10407 1556 1584 7388
2 3 10428 1538 4104
2 3 10444 7532 3962
1 3 10447 4436 7638
1 5 10447 7594 1542 1529 10405
1 8 10447 4589 1598 7581 5110 12466 5156 4533
2 4 10492 7612 10437 11975
2 4 10492 7583 11509 12735
2 9 10492 638 9949 9967 7643 10495 10096 12445 7045
2 4 10492 12498 12325 10407
1 3 10496 1507 1464
1 4 10496 4613 12433 4568
2 2 10513 5112
2 4 10513 10432 5172 10980
2 5 10513 10947 7553 8181 4533
2 7 10513 10947 11008 11003 10994 2181 12951
2 3 10514 1581 4588
2 8 10514 13208 1497 10349 8010 4435 12892 4987
1 5 10515 1449 5163 10975 12942
1 5 10515 1449 2172 5213 2106
1 5 10515 12453 10502 12496 10362
1 6 10515 1449 10943 8187 8238 11007
1 4 10589 7765 12611 10557
1 3 10589 10641 10701
1 4 10594 10930 12504 5199
2 3 10616 4532 1884
2 4 10616 8095 7577 7521
1 4 10623 7676 1762 4797
2 2 10671 7639
2 2 10671 1919
1 2 10674 1783
1 4 10682 12435 4864 12406
1 6 10682 10455 1667 7755 12576 7798
1 4 10701 12623 1714 12518
1 3 10732 8079 5021
2 5 10732 12810 10889 2021 1900
2 3 10737 12831 12717
2 3 10737 10781 12314
1 4 10740 8097 2037 10830
1 3 10740 12791 3883
1 3 10747 10790 7936
1 2 10747 5026
2 4 10750 12846 8018 4964
2 3 10750 12846 7940
2 2 10756 5032
2 8 10756 10296 4365 4321 7340 7297 4237 10255
2 2 10756 10259
1 2 10765 4908
1 6 10765 10848 2069 12833 13216 1892
1 2 10791 8051
1 2 10791 12702
1 2 10830 7935
2 2 10831 8034
1 2 10831 6039
1 3 10833 10777 8124
1 4 10836 8096 12787 10862
2 3 10836 13212 12843
1 4 10836 2001 12874 10919
1 5 10836 8071 7983 5013 8122
1 3 10836 7950 7954
1 2 10862 12785
2 4 10876 2004 12726 2089
1 5 10876 8001 12879 5058 4968
1 3 10886 13085 2077
1 2 10886 12823
1 3 10886 13085 8017
1 8 10886 13085 4991 12867 2021 10889 12810 10732
1 3 10886 12753 1900
1 4 10895 8057 1945 7935
1 5 10895 8057 1945 4977 4908
1 3 10906 12828 4982
1 3 10906 4934 4980
1 7 10924 2160 12979 10944 10965 11001 8195
1 5 10924 2160 12916 5200 12951
1 5 10924 2160 5165 10973 2209
1 6 10928 8164 12941 10976 6020 5196
1 5 10929 7842 2151 10525 8214
1 3 10929 2216 5199
1 4 10933 2175 8179 5107
1 2 10933 2227
2 2 10946 8197
1 2 10946 8143
1 7 10946 8184 10926 5218 10984 5153 2228
1 5 10946 8184 10926 5218 5204
1 6 10946 8184 10926 5218 8129 5151
1 7 10946 8184 10926 5218 8129 5208 12987
1 2 10968 2115
2 5 10980 8190 12996 2153 10999
2 3 10993 8246 12956
1 4 11105 6108 9194 3083
1 5 11109 9212 11191 110 187
1 5 11164 11125 9147 6125 6165
2 6 11202 415 319 222 341 310
2 9 11202 6324 3310 6242 11259 6326 6249 9323 11241
2 7 11241 9241 6220 9341 406 11391 3320
2 2 11293 7377
2 5 11293 3342 303 3396 9303
2 4 11293 3342 9310 6313
2 4 11293 3359 11303 385
3 3 11318 9335 6336
2 2 11318 11360
2 3 11331 11305 9294
2 3 11368 11214 384
2 4 11368 11337 11283 457
2 5 11368 9355 9384 6411 3335
2 4 11370 216 386 331
2 3 11371 11257 385
2 8 11375 9389 6370 11134 9033 9159 6215 3190
4 5 11398 11413 442 6499 6522
2 5 11398 11554 11539 11522 541
3 7 11398 9412 9567 6590 6576 11511 3569
1 6 11402 9375 6218 6298 6325 9347
4 5 11479 491 11427 11550 3743
3 4 11479 491 9454 572
2 8 11479 491 11427 3562 3407 3577 565 11686
2 7 11479 9468 6431 11536 11691 6586 6573
1 3 11483 6504 3402
2 3 11505 9428 478
2 2 11505 6521
2 9 11505 9496 3473 6236 9387 9252 11260 334 389
2 4 11505 3207 6282 6390
2 3 11506 9523 9507
1 3 11506 9561 3402
2 11 11523 3578 3426 9460 6492 3465 9422 471 11296 11323 9367
2 12 11523 3578 578 6563 518 11485 579 6454 11501 9516 3489 6490
2 7 11523 6539 3518 6506 6602 11484 520
1 12 11523 9432 6601 3490 9487 3467 6551 9538 11524 11469 11455 3618
4 6 11531 9575 3423 11494 529 6570
4 5 11531 9575 11470 3547 9522
4 3 11531 9575 6583
4 4 11531 11547 11560 589
3 3 11531 549 9503
3 4 11531 563 3558 3530
2 3 11542 6418 6592
2 2 11563 9434
2 5 11563 6569 6585 454 3402
1 3 11581 3592 3601
1 4 11581 3654 9596 3631
1 5 11581 624 9595 6647 11577
2 4 11583 11586 9599 3956
2 7 11583 6634 630 9756 9771 965 949
2 7 11583 6634 630 11657 6652 11588 818
1 4 11583 11586 11580 11577
2 4 11583 6634 3649 9606
2 6 11584 628 9613 6673 11612 3673
2 4 11584 628 6626 599
2 3 11584 9582 6793
2 6 11616 11465 9510 6548 3758 3552
2 3 11616 11465 503
2 8 11616 11465 9495 527 539 11535 6599 9434
2 2 11616 11600
2 2 11628 648
2 5 11628 3669 9490 11732 13011
2 5 11628 3669 3506 11491 11506
2 7 11628 3681 9644 6688 3493 512 9507
2 5 11639 6709 6695 3639 818
2 4 11639 676 11622 9640
2 6 11639 676 11622 662 11608 9606
2 7 11650 6717 11660 706 3894 3878 859
2 4 11650 6717 1436 9693
2 2 11653 9515
2 5 11653 692 11620 9636 9633
2 3 11653 3705 6540
2 4 11653 3705 708 11499
2 3 11655 11619 3663
1 5 11655 9701 6706 3076 687
2 5 11658 9713 6699 6694 6876
2 5 11658 9713 6699 3678 9671
2 2 11666 704
1 4 11666 9661 9648 653
1 5 11668 6741 9680 9677 6704
2 7 11683 3755 737 568 3722 705 3686
2 4 11686 9683 6743 6727
2 4 11686 3707 723 9716
1 2 11688 740
1 4 11707 6749 9703 11688
1 2 11710 758
2 2 11746 886
2 4 11751 9794 3910 9838
2 6 11751 9904 11846 923 9826 819
2 4 11751 9794 6926 925
2 4 11751 6862 6875 11833
1 6 11757 7517 12374 7986 10783 3834
1 5 11757 7517 1562 12461 1892
2 3 11760 11791 689
1 5 11760 6855 827 9808 6850
1 2 11782 6882
1 2 11782 6845
2 6 11800 4442 6890 9825 659 11760
1 3 11800 3802 6850
1 7 11818 3526 6857 9818 11813 893 878
1 3 11818 3936 9930
2 2 11834 911
2 4 11844 804 9844 6938
2 4 11844 6925 11792 940
2 3 11848 9799 6864
2 7 11848 4112 7130 10038 9941 10122 10007
2 2 11851 931
2 2 11851 3846
2 5 11853 652 7470 6935 864
2 5 11853 6991 789 7454 3653
2 4 11867 947 3851 11811
2 3 11894 975 9932
2 4 11894 11881 6995 3967
1 4 11899 6799 9591 9588
1 3 11899 953 9894
2 5 11913 996 7120 7191 11991
2 3 11913 1146 7222
2 5 11913 4148 7181 4123 4082
2 4 11918 12014 10080 1120
2 4 11918 7159 12350 13143
1 6 11921 10026 7005 11957 12039 1189
2 3 11941 7152 4189
1 3 11954 4120 7063
1 3 11975 1547 10029
2 5 11991 1096 7146 1195 1055
2 7 11991 7191 10101 4173 1171 11994 7222
2 3 12031 7072 9965
2 3 12031 7212 4197
2 2 12046 10876
2 4 12046 3795 12372 901
2 4 12046 3795 1600 10106
2 5 12046 2097 12855 829 5050
1 2 12049 4073
2 5 12052 10076 1089 11982 11913
2 5 12052 10076 7120 7191 11991
2 6 12052 10076 1089 10095 7142 4082
1 4 12058 1164 9940 4170
1 2 12071 12889
1 6 12071 1064 7156 4910 10902 7989
1 5 12071 1064 11999 1206 12771
2 3 12076 7014 12052
2 7 12084 1006 10084 1138 4113 10012 4070
2 3 12084 7071 11986
2 4 12086 1612 9934 4009
2 3 12098 12066 9990
2 4 12098 10027 9856 11837
2 5 12098 10027 3968 851 955
1 8 12100 1111 4154 4933 7908 1989 4022 7203
1 3 12100 989 4116
1 6 12101 4115 1015 11970 4088 4206
1 3 12101 11976 4017
1 4 12110 1225 10266 12225
1 8 12149 7433 1284 12291 4362 634 12289 1424
2 10 12189 10466 11643 6686 12500 9798 3787 11750 6989 957
2 8 12189 4805 7672 10722 7801 10655 4725 7763
2 9 12189 10521 10215 12342 9623 10463 7670 12355 10503
2 10 12244 4356 12203 6288 31 11193 11133 9145 6121 99
2 6 12253 1415 10165 7323 10265 10236
1 4 12264 12224 7225 4433
1 4 12264 12224 7408 1427
1 3 12275 7447 1238
2 2 12282 7446
2 5 12282 4501 1383 8023 7965
2 6 12282 1653 1625 10459 4628 4134
2 3 12282 7606 1884
2 5 12282 1653 1114 12008 1073
1 9 12298 1210 1406 4261 4215 10256 7401 12157 9292
1 5 12298 4322 7438 7370 10253
1 6 12306 12982 11005 10953 12952 5173
1 4 12306 2149 11021 8215
1 4 12306 8192 8251 12984
1 7 12336 1654 1613 12440 8187 8238 11007
2 3 12341 10861 3960
2 2 12341 10337
2 7 12341 5022 6798 12728 4955 10894 10740
2 6 12348 10363 7578 1811 1502 12485
2 5 12348 7648 4222 4873 10647
2 10 12348 10363 10429 12478 3877 11836 9831 846 11771 987
1 6 12357 9657 926 7829 4029 1849
2 4 12364 12379 4573 7621
1 2 12364 10515
1 6 12364 10402 10390 8208 10985 12942
1 5 12386 4524 7487 7512 4468
1 4 12419 10697 4584 1833
1 3 12419 12692 12547
1 5 12419 1509 10668 2213 10400
1 3 12419 10697 5231
1 4 12419 1509 10668 8214
1 5 12419 1509 5203 5189 5154
1 7 12450 1467 1610 4477 4614 1536 7661
1 3 12450 11708 12309
1 7 12450 12320 3564 10472 10403 7454 3653
1 4 12458 12778 6803 1618
2 3 12485 1588 12618
2 6 12485 4876 10638 1743 12629 10647
1 2 12489 12458
1 6 12489 10477 4625 7615 1987 12501
2 4 12497 10457 12305 4569
2 6 12497 12697 7626 954 10727 6696
2 5 12501 12670 8083 10657 7791
1 7 12518 11607 12592 4455 13062 5264 13063
1 4 12518 11607 12592 10540
2 6 12527 12187 11195 4314 12558 7712
1 11 12527 12187 4802 7898 12393 10677 12502 4669 1684 1664 7768
1 5 12536 4866 10652 1297 4803
1 11 12536 7789 1718 10613 7815 4724 7744 4853 10570 7876 1803
1 4 12536 4866 7274 7825
1 12 12536 7789 1718 10613 7815 4724 7744 12621 1876 7713 7731 10646
1 4 12536 7789 12174 10617
1 6 12547 12589 10415 10442 5189 5154
1 6 12566 7877 1767 7760 1851 4741
1 5 12566 7877 4759 12603 12663
1 3 12583 1825 1675
1 3 12583 4773 7711
1 5 12586 1683 12516 7840 4749
1 4 12586 10676 4757 1352
2 3 12605 1859 10623
1 4 12605 7717 4837 10528
1 3 12620 1875 1747
1 7 12620 10569 10595 12646 10666 9892 1678
1 4 12620 7862 4772 1752
2 6 12660 12543 10559 7725 4677 7786
2 8 12660 12543 10541 12537 4809 7873 1847 12618
1 3 12663 3481 4739
1 3 12715 4965 2077
2 7 12715 4904 12867 2021 10889 12810 10732
2 3 12731 12817 1891
1 2 12731 10919
2 4 12735 7422 4756 7480
2 4 12735 10192 10824 12501
1 2 12742 10862
1 2 12742 10803
1 5 12746 2051 8032 5066 10730
1 3 12746 5052 10172
1 3 12746 12873 7921
1 3 12746 12873 10895
1 4 12766 8043 4985 8124
1 4 12766 13250 12723 2088
2 5 12789 5102 8041 10741 5033
2 3 12794 12851 10836
1 4 12794 5045 8008 1909
1 3 12794 8065 8122
1 3 12794 8116 7954
1 4 12794 5045 5070 10762
1 5 12794 4927 12751 10829 2012
1 8 12795 1516 1817 12907 4941 1181 12847 1950
1 3 12795 9986 2024
1 4 12795 1516 1817 10594
1 4 12795 1968 12677 5199
2 6 12797 4313 11448 7270 10490 10750
1 2 12798 8047
1 4 12798 8075 2007 5026
1 3 12798 10888 8149
1 2 12823 8017
1 3 12826 12796 7989
1 6 12826 7925 12806 10743 10784 2088
1 3 12826 7925 2016
1 4 12835 10769 13088 5021
1 5 12835 7973 10800 12850 10830
2 2 12843 12785
1 2 12843 10919
1 5 12853 12999 10874 2035 4980
1 2 12853 5220
1 6 12853 12999 2214 10956 2204 2111
1 4 12853 12999 2168 5151
2 2 12863 7982
2 4 12863 12780 10828 1963
2 6 12863 10913 11249 10759 10890 1888
2 3 12863 10881 8117
1 2 12865 8017
1 3 12865 10728 2075
2 3 12891 12834 4989
2 4 12891 12747 12858 1909
1 5 12923 12977 10945 2181 12951
1 3 12923 8140 12987
2 3 12935 5177 8245
1 4 12942 5152 12970 8215
1 4 12942 11022 12978 8216
1 7 12942 10975 8255 5143 2208 10986 2106
2 4 12950 5155 2120 12935
1 3 12950 12908 2180
1 3 12950 5155 10929
1 2 12950 5199
1 4 12951 5200 10973 2209
1 5 12981 2126 12391 8202 12985
1 4 12981 10025 12945 5117
1 3 12981 7548 12795
1 4 12981 7548 9986 2024
1 7 12981 2126 4735 13217 1580 12963 8214
1 5 12981 7548 8054 12677 5199
1 5 12981 2126 4735 12519 10957
1 2 12984 5121
1 4 12985 8202 8136 10957
1 6 12989 12929 8223 7133 2034 6027
1 5 12989 12929 8223 7133 7996
1 3 12989 12929 5160
1 3 12997 2162 5166
1 4 12997 12983 5190 8199
1 7 12997 12983 2212 2226 2198 8185 8254
1 5 12997 12983 2212 2226 5216
1 5 12997 12983 2212 10970 8149
2 5 13011 551 6949 11491 11506
2 3 13011 11549 3402
3 4 13068 516 6560 6446
3 3 13068 11419 6496
2 5 13068 6598 9431 9498 3211
1 2 13091 4848
2 5 13143 7097 10517 7101 7279
2 6 13143 7097 10517 7101 7434 12086
2 10 13206 318 6359 6413 6340 406 9341 6220 9241 11241
2 4 13206 3393 9274 3320
2 8 13255 3884 11767 914 9805 9916 11786 863
2 5 13255 9914 11762 867 3882
2 3 13255 9780 9809
