1 72
1 91
1 99
1 121
1 156
1 165
1 177
1 183
1 187
1 223
1 278
1 296
1 301
1 310
1 331
1 372
1 377
1 384
1 385
1 389
1 402
1 413
1 457
1 476
1 478
1 503
1 520
1 525
1 528
1 541
1 560
1 564
1 572
1 573
1 589
1 590
1 599
1 603
1 620
1 648
1 653
1 663
1 678
1 684
1 687
1 689
1 704
1 730
1 747
1 752
1 770
1 792
1 818
1 819
1 863
1 864
1 868
1 870
1 878
1 885
1 886
1 901
1 921
1 925
1 929
1 931
1 932
1 940
1 943
1 949
1 964
1 980
1 987
1 988
1 1025
1 1034
1 1067
1 1068
1 1073
1 1083
1 1092
1 1093
1 1120
1 1121
1 1145
1 1159
1 1170
1 1179
1 1182
1 1308
1 1316
1 1323
1 1352
1 1367
1 1373
1 1387
1 1418
1 1424
1 1427
1 1444
1 1445
1 1453
1 1454
1 1464
1 1488
1 1492
1 1521
1 1570
1 1592
1 1594
1 1595
1 1599
1 1607
1 1614
1 1618
1 1622
1 1652
1 1675
1 1678
1 1709
1 1725
1 1747
1 1752
1 1754
1 1783
1 1803
1 1805
1 1814
1 1821
1 1827
1 1849
1 1866
1 1884
1 1888
1 1891
1 1896
1 1900
1 1908
1 1919
1 1933
1 1950
1 1959
1 1961
1 1963
1 1965
1 1976
1 1984
1 1990
1 1991
1 2008
1 2012
1 2014
1 2015
1 2016
1 2022
1 2023
1 2024
1 2025
1 2028
1 2029
1 2041
1 2056
1 2086
1 2088
1 2089
1 2091
1 2105
1 2106
1 2111
1 2152
1 2174
1 2180
1 2189
1 2197
1 2209
1 2407
1 2489
1 2947
1 3010
1 3022
1 3121
1 3122
1 3141
1 3151
1 3152
1 3171
1 3172
1 3187
1 3190
1 3303
1 3314
1 3320
1 3335
1 3338
1 3379
1 3392
1 3397
1 3402
1 3412
1 3427
1 3460
1 3482
1 3495
1 3513
1 3520
1 3530
1 3534
1 3535
1 3544
1 3559
1 3569
1 3598
1 3601
1 3606
1 3617
1 3618
1 3631
1 3663
1 3668
1 3672
1 3673
1 3734
1 3738
1 3743
1 3775
1 3778
1 3780
1 3823
1 3834
1 3838
1 3844
1 3846
1 3874
1 3882
1 3883
1 3890
1 3913
1 3923
1 3924
1 3932
1 3954
1 3956
1 3957
1 3960
1 3981
1 3986
1 3988
1 4003
1 4009
1 4017
1 4052
1 4070
1 4075
1 4082
1 4111
1 4134
1 4140
1 4141
1 4147
1 4172
1 4178
1 4180
1 4181
1 4187
1 4197
1 4241
1 4291
1 4329
1 4333
1 4334
1 4345
1 4363
1 4371
1 4388
1 4412
1 4425
1 4445
1 4449
1 4469
1 4512
1 4516
1 4521
1 4533
1 4565
1 4568
1 4569
1 4570
1 4580
1 4588
1 4598
1 4607
1 4616
1 4619
1 4652
1 4658
1 4682
1 4690
1 4723
1 4726
1 4728
1 4739
1 4741
1 4749
1 4751
1 4755
1 4783
1 4797
1 4801
1 4803
1 4848
1 4860
1 4865
1 4867
1 4872
1 4893
1 4897
1 4915
1 4925
1 4964
1 4968
1 4984
1 4987
1 4997
1 5010
1 5026
1 5027
1 5028
1 5029
1 5032
1 5033
1 5046
1 5050
1 5074
1 5083
1 5097
1 5100
1 5103
1 5107
1 5117
1 5135
1 5151
1 5160
1 5164
1 5166
1 5168
1 5196
1 5199
1 5204
1 5215
1 5216
1 5231
1 5291
1 6027
1 6039
1 6050
1 6103
1 6106
1 6160
1 6177
1 6186
1 6233
1 6235
1 6245
1 6258
1 6262
1 6287
1 6302
1 6303
1 6313
1 6318
1 6332
1 6354
1 6360
1 6377
1 6389
1 6390
1 6416
1 6490
1 6496
1 6509
1 6521
1 6522
1 6540
1 6554
1 6570
1 6573
1 6583
1 6592
1 6613
1 6666
1 6675
1 6685
1 6696
1 6703
1 6704
1 6710
1 6711
1 6714
1 6718
1 6732
1 6752
1 6765
1 6790
1 6845
1 6850
1 6876
1 6878
1 6896
1 6897
1 6914
1 6932
1 6938
1 6963
1 6985
1 7045
1 7054
1 7063
1 7065
1 7076
1 7079
1 7085
1 7107
1 7109
1 7121
1 7125
1 7126
1 7137
1 7169
1 7170
1 7177
1 7180
1 7183
1 7185
1 7214
1 7222
1 7228
1 7232
1 7239
1 7260
1 7279
1 7302
1 7315
1 7338
1 7376
1 7387
1 7415
1 7446
1 7458
1 7462
1 7497
1 7521
1 7540
1 7542
1 7564
1 7584
1 7588
1 7630
1 7639
1 7653
1 7661
1 7669
1 7671
1 7677
1 7711
1 7712
1 7754
1 7763
1 7768
1 7786
1 7791
1 7798
1 7825
1 7844
1 7858
1 7892
1 7912
1 7917
1 7921
1 7934
1 7935
1 7938
1 7940
1 7953
1 7954
1 7963
1 7965
1 7989
1 7995
1 7996
1 8006
1 8007
1 8011
1 8038
1 8051
1 8052
1 8053
1 8055
1 8058
1 8087
1 8113
1 8117
1 8122
1 8148
1 8149
1 8157
1 8183
1 8193
1 8195
1 8205
1 8214
1 8215
1 8216
1 8217
1 8254
1 8435
1 9097
1 9100
1 9151
1 9154
1 9161
1 9213
1 9233
1 9258
1 9271
1 9292
1 9294
1 9296
1 9303
1 9332
1 9340
1 9347
1 9362
1 9367
1 9392
1 9405
1 9406
1 9417
1 9450
1 9456
1 9457
1 9467
1 9484
1 9503
1 9507
1 9508
1 9515
1 9522
1 9570
1 9588
1 9598
1 9603
1 9606
1 9616
1 9617
1 9620
1 9633
1 9640
1 9660
1 9692
1 9693
1 9716
1 9737
1 9764
1 9772
1 9784
1 9786
1 9809
1 9817
1 9833
1 9847
1 9853
1 9875
1 9890
1 9894
1 9896
1 9898
1 9907
1 9930
1 9958
1 9962
1 9965
1 9975
1 10007
1 10013
1 10029
1 10030
1 10057
1 10074
1 10077
1 10090
1 10102
1 10106
1 10110
1 10113
1 10135
1 10148
1 10160
1 10172
1 10173
1 10203
1 10230
1 10236
1 10239
1 10240
1 10253
1 10259
1 10262
1 10263
1 10267
1 10278
1 10279
1 10309
1 10353
1 10362
1 10370
1 10400
1 10407
1 10428
1 10444
1 10447
1 10479
1 10492
1 10496
1 10503
1 10513
1 10514
1 10528
1 10557
1 10582
1 10589
1 10594
1 10616
1 10617
1 10623
1 10642
1 10646
1 10647
1 10671
1 10674
1 10682
1 10701
1 10730
1 10732
1 10737
1 10740
1 10747
1 10750
1 10756
1 10765
1 10807
1 10830
1 10831
1 10836
1 10837
1 10876
1 10886
1 10895
1 10906
1 10919
1 10924
1 10928
1 10929
1 10946
1 10957
1 10980
1 10993
1 11007
1 11105
1 11109
1 11164
1 11202
1 11241
1 11293
1 11318
1 11368
1 11370
1 11375
1 11398
1 11402
1 11479
1 11483
1 11499
1 11505
1 11506
1 11523
1 11531
1 11542
1 11563
1 11577
1 11581
1 11583
1 11600
1 11616
1 11628
1 11639
1 11650
1 11653
1 11654
1 11655
1 11658
1 11666
1 11683
1 11686
1 11707
1 11710
1 11746
1 11751
1 11757
1 11760
1 11782
1 11800
1 11830
1 11834
1 11844
1 11848
1 11851
1 11853
1 11867
1 11894
1 11899
1 11913
1 11918
1 11941
1 11954
1 11991
1 12046
1 12049
1 12058
1 12071
1 12076
1 12084
1 12086
1 12098
1 12101
1 12110
1 12124
1 12189
1 12232
1 12244
1 12264
1 12268
1 12275
1 12282
1 12298
1 12306
1 12309
1 12314
1 12333
1 12341
1 12348
1 12357
1 12364
1 12386
1 12419
1 12428
1 12446
1 12450
1 12458
1 12485
1 12489
1 12497
1 12501
1 12517
1 12527
1 12536
1 12566
1 12583
1 12586
1 12605
1 12618
1 12620
1 12655
1 12660
1 12663
1 12715
1 12717
1 12731
1 12735
1 12736
1 12742
1 12766
1 12771
1 12789
1 12794
1 12795
1 12797
1 12798
1 12823
1 12826
1 12830
1 12835
1 12843
1 12853
1 12863
1 12865
1 12891
1 12910
1 12923
1 12942
1 12950
1 12951
1 12981
1 12984
1 12987
1 12989
1 13011
1 13068
1 13082
1 13091
1 13143
1 13206
