state = {
	id = 563
	name = "STATE_563"
	manpower = 153437
	resources = {
		steel = 4
		tungsten = 1
	}

	state_category = rural

	history = {
		owner = SOV
		victory_points = {
			10253 1
		}
		buildings = {
			infrastructure = 1
			industrial_complex = 0
			arms_factory = 0
		}
		add_core_of = SOV
	}

	provinces = {
		432 464 468 470 477 508 545 554 576 615 642 1220 1247 1272 1290 1303 1314 1318 1331 1360 1371 1429 3404 3406 3459 3467 3502 3515 3538 3618 3622 4227 4254 4294 4300 4303 4337 4340 4351 4374 4376 4394 6491 6498 6514 6523 6525 6551 6564 6588 6615 7233 7313 7322 7337 7341 7370 7410 7429 7438 9445 9447 9453 9462 9469 9487 9513 9526 9528 9538 9549 10131 10140 10164 10168 10253 10264 10284 10295 10312 11442 11455 11457 11469 11472 11473 11480 11482 11510 11524 11537 11538 11552 11578 11591 12108 12115 12139 12143 12163 12170 12179 12198 12227 12229 12235 12254 12266 12294 
	}
}
